101100101000
010010001110
110100010010
100101100111
000011011000
101011110001
011010100101
101110110110
100101100111
011100001110
010010001110
110100010010
100101100111
000011011000
101011110001
011010100101
100000011100
100000011100
100000011100
100101100111
010000010011
101011110001
010000010011
101011110001
101110110110
100101100111
001110011101
010000010011
101011110001
001100001101
101011110001
101100011001
111001011111
100101100111
100110000010
100101111100
011101100010
100101100111
101011110001
001100001101
111001011111
